=== Evaluation: TF-IDF + Logistic Regression ===
              precision    recall  f1-score   support

           0       0.90      0.95      0.92        19
           1       1.00      0.73      0.84        11
           2       0.77      0.89      0.83        19
           3       1.00      0.75      0.86         8
           4       0.92      0.80      0.86        15
           5       0.93      1.00      0.96        13
           6       0.45      0.53      0.49        19
           7       0.89      0.89      0.89        19
           8       0.87      0.68      0.76        19
           9       0.59      0.68      0.63        19
          10       0.67      0.75      0.71         8
          11       0.74      0.89      0.81        19
          12       0.78      0.88      0.82         8
          13       0.83      0.79      0.81        19
          14       0.92      0.63      0.75        19
          15       0.81      0.89      0.85        19
          16       1.00      1.00      1.00        19
          17       1.00      1.00      1.00        19
          18       1.00      1.00      1.00        19
          19       0.90      1.00      0.95        19
          20       1.00      0.95      0.97        19
          21       1.00      1.00      1.00        12
          22       0.95      1.00      0.97        19
          23       0.95      1.00      0.97        19
          24       0.36      0.26      0.30        19
          25       0.90      1.00      0.95        19
          26       1.00      1.00      1.00        16
          27       1.00      0.95      0.97        19
          28       0.75      0.79      0.77        19
          29       0.91      0.83      0.87        12
          30       0.89      0.89      0.89        19
          31       0.67      0.67      0.67         3
          32       1.00      0.86      0.92        14
          33       0.80      0.89      0.84         9
          34       0.78      1.00      0.88         7
          35       0.68      0.79      0.73        19
          36       0.75      0.79      0.77        19
          37       0.85      0.89      0.87        19
          38       0.65      0.61      0.63        18
          39       0.71      0.53      0.61        19
          40       1.00      0.57      0.73         7
          41       0.75      0.63      0.69        19
          42       0.95      0.95      0.95        19
          43       0.81      0.68      0.74        19
          44       0.58      0.74      0.65        19
          45       1.00      0.84      0.91        19
          46       0.89      0.84      0.86        19
          47       0.94      0.89      0.92        19
          48       0.82      0.95      0.88        19
          49       0.48      0.58      0.52        19
          50       0.92      0.86      0.89        14
          51       1.00      0.95      0.97        19
          52       0.83      0.79      0.81        19
          53       0.81      0.89      0.85        19
          54       1.00      1.00      1.00        10
          55       0.95      1.00      0.97        19
          56       0.80      0.89      0.84        18
          57       0.83      0.79      0.81        19
          58       0.89      0.89      0.89        19
          59       0.68      0.79      0.73        19
          60       1.00      1.00      1.00        18
          61       0.94      0.79      0.86        19
          62       1.00      0.95      0.97        19
          63       0.62      0.68      0.65        19

    accuracy                           0.84      1076
   macro avg       0.85      0.83      0.84      1076
weighted avg       0.84      0.84      0.84      1076
