=== Evaluation: Word2Vec (Average) + Dense Layer ===
Test Accuracy: 0.1961 | Test Loss: 3.1705

              precision    recall  f1-score   support

           0       0.17      0.47      0.25        19
           1       0.00      0.00      0.00        11
           2       0.38      0.84      0.52        19
           3       0.50      0.12      0.20         8
           4       0.00      0.00      0.00        15
           5       0.13      0.15      0.14        13
           6       0.00      0.00      0.00        19
           7       0.17      0.26      0.21        19
           8       0.07      0.11      0.09        19
           9       0.00      0.00      0.00        19
          10       0.00      0.00      0.00         8
          11       0.13      0.74      0.22        19
          12       0.00      0.00      0.00         8
          13       0.06      0.05      0.06        19
          14       0.00      0.00      0.00        19
          15       0.22      0.11      0.14        19
          16       0.25      0.37      0.30        19
          17       0.65      0.58      0.61        19
          18       0.48      0.74      0.58        19
          19       0.21      0.53      0.30        19
          20       0.07      0.05      0.06        19
          21       1.00      0.08      0.15        12
          22       0.43      0.16      0.23        19
          23       0.38      0.79      0.51        19
          24       0.00      0.00      0.00        19
          25       0.39      0.58      0.47        19
          26       0.18      0.31      0.23        16
          27       0.19      0.26      0.22        19
          28       0.44      0.37      0.40        19
          29       0.33      0.08      0.13        12
          30       0.26      0.95      0.41        19
          31       0.00      0.00      0.00         3
          32       0.00      0.00      0.00        14
          33       0.00      0.00      0.00         9
          34       0.00      0.00      0.00         7
          35       0.27      0.63      0.38        19
          36       0.05      0.11      0.07        19
          37       0.06      0.11      0.07        19
          38       0.00      0.00      0.00        18
          39       0.00      0.00      0.00        19
          40       0.00      0.00      0.00         7
          41       0.08      0.05      0.06        19
          42       0.14      0.05      0.08        19
          43       0.00      0.00      0.00        19
          44       0.00      0.00      0.00        19
          45       0.00      0.00      0.00        19
          46       0.00      0.00      0.00        19
          47       0.00      0.00      0.00        19
          48       0.00      0.00      0.00        19
          49       0.08      0.21      0.11        19
          50       0.00      0.00      0.00        14
          51       0.17      0.32      0.22        19
          52       0.11      0.26      0.15        19
          53       0.00      0.00      0.00        19
          54       0.00      0.00      0.00        10
          55       0.29      0.11      0.15        19
          56       0.00      0.00      0.00        18
          57       0.08      0.05      0.06        19
          58       0.20      0.05      0.08        19
          59       0.07      0.05      0.06        19
          60       0.00      0.00      0.00        18
          61       0.19      0.53      0.28        19
          62       0.29      0.11      0.15        19
          63       0.00      0.00      0.00        19

    accuracy                           0.20      1076
   macro avg       0.14      0.18      0.13      1076
weighted avg       0.15      0.20      0.14      1076
