=== Evaluation: Embedding Pre-trained + LSTM ===
Test Accuracy: 0.8104 | Test Loss: 0.7554

              precision    recall  f1-score   support

           0       0.95      0.95      0.95        19
           1       0.92      1.00      0.96        11
           2       0.90      0.95      0.92        19
           3       0.86      0.75      0.80         8
           4       0.79      0.73      0.76        15
           5       0.71      0.92      0.80        13
           6       0.50      0.53      0.51        19
           7       0.95      1.00      0.97        19
           8       0.75      0.79      0.77        19
           9       0.60      0.63      0.62        19
          10       0.50      0.62      0.56         8
          11       0.76      0.68      0.72        19
          12       0.83      0.62      0.71         8
          13       0.77      0.89      0.83        19
          14       0.91      0.53      0.67        19
          15       0.81      0.89      0.85        19
          16       1.00      1.00      1.00        19
          17       0.90      1.00      0.95        19
          18       1.00      1.00      1.00        19
          19       1.00      0.95      0.97        19
          20       1.00      0.89      0.94        19
          21       1.00      1.00      1.00        12
          22       0.90      1.00      0.95        19
          23       0.95      1.00      0.97        19
          24       0.36      0.26      0.30        19
          25       0.90      1.00      0.95        19
          26       0.94      0.94      0.94        16
          27       0.90      0.95      0.92        19
          28       0.78      0.74      0.76        19
          29       0.91      0.83      0.87        12
          30       1.00      0.89      0.94        19
          31       0.75      1.00      0.86         3
          32       0.73      0.79      0.76        14
          33       0.78      0.78      0.78         9
          34       0.83      0.71      0.77         7
          35       0.77      0.89      0.83        19
          36       0.82      0.74      0.78        19
          37       1.00      0.89      0.94        19
          38       0.85      0.61      0.71        18
          39       0.67      0.63      0.65        19
          40       0.62      0.71      0.67         7
          41       0.85      0.58      0.69        19
          42       0.94      0.84      0.89        19
          43       1.00      0.63      0.77        19
          44       0.45      0.68      0.54        19
          45       0.81      0.68      0.74        19
          46       0.79      0.79      0.79        19
          47       0.94      0.89      0.92        19
          48       0.88      0.79      0.83        19
          49       0.35      0.42      0.38        19
          50       0.82      1.00      0.90        14
          51       0.89      0.84      0.86        19
          52       0.71      0.79      0.75        19
          53       0.88      0.79      0.83        19
          54       0.64      0.70      0.67        10
          55       0.95      0.95      0.95        19
          56       0.55      0.89      0.68        18
          57       0.82      0.74      0.78        19
          58       0.64      0.84      0.73        19
          59       0.73      0.58      0.65        19
          60       1.00      1.00      1.00        18
          61       0.81      0.89      0.85        19
          62       1.00      1.00      1.00        19
          63       0.94      0.79      0.86        19

    accuracy                           0.81      1076
   macro avg       0.82      0.81      0.81      1076
weighted avg       0.82      0.81      0.81      1076
