=== Evaluation: Embedding học từ đầu + LSTM ===
Test Accuracy: 0.8123 | Test Loss: 0.7450

              precision    recall  f1-score   support

           0       1.00      0.95      0.97        19
           1       0.77      0.91      0.83        11
           2       0.89      0.89      0.89        19
           3       0.64      0.88      0.74         8
           4       0.85      0.73      0.79        15
           5       0.79      0.85      0.81        13
           6       0.47      0.47      0.47        19
           7       1.00      1.00      1.00        19
           8       0.64      0.74      0.68        19
           9       0.69      0.58      0.63        19
          10       0.58      0.88      0.70         8
          11       0.67      0.74      0.70        19
          12       0.73      1.00      0.84         8
          13       0.88      0.74      0.80        19
          14       1.00      0.58      0.73        19
          15       0.77      0.89      0.83        19
          16       1.00      1.00      1.00        19
          17       0.90      1.00      0.95        19
          18       1.00      1.00      1.00        19
          19       0.94      0.89      0.92        19
          20       0.95      1.00      0.97        19
          21       0.85      0.92      0.88        12
          22       1.00      0.95      0.97        19
          23       0.90      1.00      0.95        19
          24       0.28      0.26      0.27        19
          25       0.90      1.00      0.95        19
          26       1.00      1.00      1.00        16
          27       0.90      1.00      0.95        19
          28       0.76      0.68      0.72        19
          29       1.00      0.83      0.91        12
          30       0.89      0.89      0.89        19
          31       0.50      0.33      0.40         3
          32       0.65      0.79      0.71        14
          33       0.78      0.78      0.78         9
          34       0.86      0.86      0.86         7
          35       0.80      0.84      0.82        19
          36       0.80      0.84      0.82        19
          37       1.00      0.89      0.94        19
          38       0.71      0.56      0.62        18
          39       0.69      0.58      0.63        19
          40       0.36      0.71      0.48         7
          41       0.86      0.63      0.73        19
          42       0.78      0.74      0.76        19
          43       0.80      0.63      0.71        19
          44       0.67      0.74      0.70        19
          45       0.94      0.79      0.86        19
          46       0.84      0.84      0.84        19
          47       0.90      1.00      0.95        19
          48       0.90      0.95      0.92        19
          49       0.24      0.26      0.25        19
          50       0.87      0.93      0.90        14
          51       0.75      0.95      0.84        19
          52       0.84      0.84      0.84        19
          53       1.00      0.79      0.88        19
          54       0.89      0.80      0.84        10
          55       0.90      0.95      0.92        19
          56       0.89      0.89      0.89        18
          57       0.76      0.84      0.80        19
          58       0.92      0.63      0.75        19
          59       0.81      0.68      0.74        19
          60       0.95      1.00      0.97        18
          61       0.74      0.89      0.81        19
          62       0.90      0.95      0.92        19
          63       0.87      0.68      0.76        19

    accuracy                           0.81      1076
   macro avg       0.81      0.81      0.80      1076
weighted avg       0.82      0.81      0.81      1076
